51700
92688.000000
1242.447388
65510
-1
68600
339.709686
318.666656
44843
-1
85100
1125.797485
1134.317017
79488
18412
35880
-1
41001
10667.375000
470.310822
3652
-1
97302
1594.416626
1491.777832
-1
8104
1011.926453
341.799988
44843
66843
66892
88263
-1
24704
1131.561035
534.577454
12635
-1
68404
3182.130371
88540.000000
80723
12635
-1
32004
877.571411
207.219177
38297
-1
63904
1793.531250
4064.769287
42477
92221
-1
91105
452.436768
486.715912
12635
17877
-1
30206
2210.615479
11754.375000
69726
-1
91109
3325.318115
751.079529
53024
-1
65510
2320.333252
1042.257202
38297
88733
50730
-1
71410
759.578918
1966.066650
25450
-1
11811
2583.500000
602.311096
80723
72291
-1
86312
2509.875000
108.510635
82649
35880
30432
-1
18412
471.737701
15647.750000
55655
50730
68600
65343
35880
30650
-1
51013
1946.552612
1043.979614
14228
-1
24517
969.085083
617.923096
62377
-1
2218
1316.479492
22017.333984
47872
72291
97074
-1
92221
314.707062
355.369049
89689
-1
54621
703.934082
4811.071289
38544
14228
25426
46035
-1
80723
216.666672
1227.526978
48491
63283
75180
25130
-1
83623
550.244446
964.479980
-1
53024
800.483337
3455.679932
30650
65510
5650
-1
50224
73.678162
2069.588135
-1
25426
1275.000000
1119.068970
58833
-1
69726
92.083336
105.387497
-1
43628
1378.314331
1820.090942
30650
32583
-1
14228
607.976990
1983.111084
75180
83623
51753
65343
-1
15629
1832.636353
145.633331
48491
35880
-1
25130
1034.531860
8580.333008
91105
-1
50730
1469.666626
522.485291
91109
12635
-1
33531
673.000000
614.925537
38544
12635
65510
-1
30432
943.608704
4071.800049
22732
51753
-1
38532
3060.125000
7723.083496
24517
86142
25426
-1
22732
3627.629639
549.212769
91397
-1
88733
2620.636475
500.187500
65343
62634
58833
-1
58833
1229.500000
847.000000
3561
-1
62634
2016.645874
823.277771
-1
46035
1450.619019
1850.954590
65998
41399
-1
12635
186.637680
1043.090942
3561
-1
42240
1190.638306
4450.944336
82649
85100
-1
86142
31560.333984
4330.190430
62634
-1
66843
1020.168518
812.164734
75180
-1
65343
199.166672
1835.354126
62634
32004
53098
-1
53143
455.506836
1326.813965
44843
51013
65343
25130
-1
44843
369.578949
6742.384766
50224
75180
54673
-1
38544
411.805969
4884.579102
69726
62634
-1
5847
752.297302
415.061523
46035
11811
-1
99447
64.149422
3837.416748
54621
-1
82747
43588.000000
278.443176
17877
-1
82649
1005.739136
1204.430420
72291
51013
-1
30650
299.914276
823.102966
42477
95864
-1
25450
1995.130493
874.974365
-1
5650
2008.000000
460.857147
15589
-1
65651
248.224487
1145.369263
51013
68481
-1
3652
741.888916
1350.819458
99580
-1
41452
517.693176
893.759033
55682
-1
51753
486.714294
998.469360
88733
79488
89689
-1
55655
1657.067749
897.010437
91105
62634
-1
48058
4717.750000
713.380005
88733
-1
3561
1106.355591
3962.199951
5847
92221
-1
8262
295.205139
4389.714355
32004
-1
88263
9449.111328
599.769226
-1
16963
651.768433
18481.000000
65510
85100
-1
95864
1015.361084
66456.000000
-1
47872
1338.000000
2157.837891
8104
-1
54673
2327.235352
854.719971
58833
41001
54621
-1
97074
837.053589
5105.799805
25130
85100
-1
42874
2939.375000
39.505619
46035
-1
17877
763.025635
3462.199951
91109
-1
12777
502.333344
1397.930176
14228
42240
-1
62377
1123.214233
1310.057129
-1
42477
4185.579102
1402.779419
95864
25426
42240
-1
99580
550.380981
3038.600098
50730
-1
35880
2163.878906
3245.176514
54621
92221
-1
31780
540.736267
2769.173828
38532
99447
63904
-1
75180
2940.764648
3453.062500
83623
42240
-1
68481
1377.368408
514.051270
58833
97302
-1
55682
948.476196
203.377365
68404
-1
63283
327.989899
873.333313
41399
88263
-1
32583
3819.500000
873.437500
63283
42874
5847
-1
98887
1653.083374
111.867645
5650
12635
-1
79488
29184.000000
1848.579956
50224
-1
15589
7297.375000
944.866638
33531
66843
91109
16963
-1
70189
2335.750000
868.119995
53024
41001
41452
51013
-1
89689
779.406250
1907.340454
18412
65998
31780
-1
72291
149.517242
406.944458
-1
48491
862.583313
1758.520020
62377
-1
58092
147.021744
3246.357178
68404
85100
-1
66892
2736.888916
3671.866699
8262
65651
24517
-1
91397
263.455688
39902.000000
30206
58092
-1
74597
423.297302
3030.000000
55655
32004
42240
53098
-1
29097
546.222229
246.901642
71410
35880
-1
38297
1866.829224
1522.400024
48058
44843
99447
-1
65998
973.288147
1782.636353
30650
-1
53098
136.710526
75.682541
-1
41399
841.126465
2449.066650
38297
22732
-1
